Current time: 0
>>>	True motion params [x y z | vx vy vz]{km|km/sec}:
 6388.136	0	0.25	-9.783761648e-006	0	0.25	
>>>	Orientation angles [pitch roll yaw]:
 0	0	0	
>>>	Motion params from bins [x y z | vx vy vz]{km|km/sec}:
 6388.136	0	0.25	-9.783776589e-006	-7.111743515e-007	0.2499992915	
>>>	Orientation matrix [3x3]:
 7.291676468e-005	7.292114994e-005	1	
1	3.913504645e-005	-7.291676468e-005	
-3.913504645e-005	1	-7.292114994e-005	
>>>	Measures by acceler.:
 -1.426886301e-009	1.329373528e-009	0.009733667153	
>>>	Measures by avs.:
 7.292114994e-005	4.385324469e-009	-3.913504645e-005	

Current time: 1
>>>	True motion params [x y z | vx vy vz]{km|km/sec}:
 6388.13599	0	0.5	-1.95675233e-005	0	0.2499999996	
>>>	Orientation angles [pitch roll yaw]:
 0	0	0	
>>>	Motion params from bins [x y z | vx vy vz]{km|km/sec}:
 6388.13599	-7.111743515e-007	0.4999992915	-1.956769737e-005	-2.132081152e-006	0.249997492	
>>>	Orientation matrix [3x3]:
 0.0001458262903	0.0001458480071	0.9999999894	
0.9999999932	7.825945781e-005	-0.0001458319978	
-7.827009184e-005	0.9999999932	-0.0001458423001	
>>>	Measures by acceler.:
 -2.853772603e-009	2.658747051e-009	0.009733667139	
>>>	Measures by avs.:
 7.292114978e-005	8.770648918e-009	-3.913504603e-005	

Current time: 2
>>>	True motion params [x y z | vx vy vz]{km|km/sec}:
 6388.135971	0	0.7499999996	-2.935128493e-005	0	0.2499999989	
>>>	Orientation angles [pitch roll yaw]:
 0	0	0	
>>>	Motion params from bins [x y z | vx vy vz]{km|km/sec}:
 6388.135971	-2.843255504e-006	0.7499967835	-2.935186896e-005	-4.26270427e-006	0.2499946013	
>>>	Orientation matrix [3x3]:
 0.000218728576	0.0002187805695	0.9999999681	
0.9999999795	0.0001173732332	-0.0002187456978	
-0.000117405135	0.9999999795	-0.0002187634501	
>>>	Measures by acceler.:
 -4.280658902e-009	3.988120558e-009	0.009733667124	
>>>	Measures by avs.:
 7.29211495e-005	1.315597333e-008	-3.913504532e-005	

Current time: 3
>>>	True motion params [x y z | vx vy vz]{km|km/sec}:
 6388.135941	0	0.9999999985	-3.913504653e-005	0	0.2499999977	
>>>	Orientation angles [pitch roll yaw]:
 0	0	0	
>>>	Motion params from bins [x y z | vx vy vz]{km|km/sec}:
 6388.135941	-7.105959774e-006	0.9999913848	-3.913639801e-005	-7.103026461e-006	0.2499906196	
>>>	Orientation matrix [3x3]:
 0.0002916236212	0.0002917188352	0.9999999362	
0.9999999589	0.0001564763718	-0.0002916578632	
-0.0001565401747	0.9999999589	-0.0002916845998	
>>>	Measures by acceler.:
 -5.707545197e-009	5.317494044e-009	0.009733667109	
>>>	Measures by avs.:
 7.292114911e-005	1.754129768e-008	-3.913504433e-005	

Current time: 4
>>>	True motion params [x y z | vx vy vz]{km|km/sec}:
 6388.135902	0	1.249999996	-4.891880809e-005	0	0.2499999962	
>>>	Orientation angles [pitch roll yaw]:
 0	0	0	
>>>	Motion params from bins [x y z | vx vy vz]{km|km/sec}:
 6388.135902	-1.420898623e-005	1.249982004	-4.892139113e-005	-1.065302937e-005	0.2499855467	
>>>	Orientation matrix [3x3]:
 0.0003645114252	0.0003646628023	0.9999998937	
0.9999999315	0.0001955688728	-0.0003645684924	
-0.0001956752097	0.9999999315	-0.0003646057488	
>>>	Measures by acceler.:
 -7.134431485e-009	6.646867499e-009	0.009733667095	
>>>	Measures by avs.:
 7.29211486e-005	2.192662195e-008	-3.913504305e-005	

Current time: 5
>>>	True motion params [x y z | vx vy vz]{km|km/sec}:
 6388.135853	0	1.499999992	-5.870256959e-005	0	0.2499999943	
>>>	Orientation angles [pitch roll yaw]:
 0	0	0	
>>>	Motion params from bins [x y z | vx vy vz]{km|km/sec}:
 6388.135853	-2.486201561e-005	1.499967551	-5.870695496e-005	-1.491269353e-005	0.2499793828	
>>>	Orientation matrix [3x3]:
 0.0004373919872	0.0004376124688	0.9999998405	
0.9999998973	0.0002346507352	-0.0004374775838	
-0.0002348102389	0.9999998973	-0.0004375268969	
>>>	Measures by acceler.:
 -8.561317765e-009	7.976240915e-009	0.00973366708	
>>>	Measures by avs.:
 7.292114799e-005	2.631194612e-008	-3.913504149e-005	

Current time: 6
>>>	True motion params [x y z | vx vy vz]{km|km/sec}:
 6388.135795	0	1.749999987	-6.848633101e-005	0	0.249999992	
>>>	Orientation angles [pitch roll yaw]:
 0	0	0	
>>>	Motion params from bins [x y z | vx vy vz]{km|km/sec}:
 6388.135795	-3.977470914e-005	1.749946934	-6.849319614e-005	-1.988199838e-005	0.2499721278	
>>>	Orientation matrix [3x3]:
 0.0005102653064	0.0005105678328	0.9999997767	
0.9999998562	0.0002737219583	-0.0005103851359	
-0.0002739452611	0.9999998562	-0.0005104480439	
>>>	Measures by acceler.:
 -9.988204033e-009	9.305614285e-009	0.009733667066	
>>>	Measures by avs.:
 7.292114726e-005	3.069727017e-008	-3.913503965e-005	

Current time: 7
>>>	True motion params [x y z | vx vy vz]{km|km/sec}:
 6388.135726	0	1.999999979	-7.827009235e-005	0	0.2499999893	
>>>	Orientation angles [pitch roll yaw]:
 0	0	0	
>>>	Motion params from bins [x y z | vx vy vz]{km|km/sec}:
 6388.135726	-5.965670752e-005	1.999919062	-7.828022131e-005	-2.556092221e-005	0.2499637817	
>>>	Orientation matrix [3x3]:
 0.0005831313823	0.0005835288923	0.9999997023	
0.9999998083	0.0003127825411	-0.0005832911471	
-0.0003130802751	0.9999998082	-0.0005833691895	
>>>	Measures by acceler.:
 -1.141509029e-008	1.06349876e-008	0.009733667052	
>>>	Measures by avs.:
 7.292114643e-005	3.508259409e-008	-3.913503753e-005	

Current time: 8
>>>	True motion params [x y z | vx vy vz]{km|km/sec}:
 6388.135648	0	2.249999968	-8.805385357e-005	0	0.2499999862	
>>>	Orientation angles [pitch roll yaw]:
 0	0	0	
>>>	Motion params from bins [x y z | vx vy vz]{km|km/sec}:
 6388.135648	-8.521762972e-005	2.249882843	-8.806813712e-005	-3.194944223e-005	0.2499543445	
>>>	Orientation matrix [3x3]:
 0.000655990214	0.0006564956454	0.9999996172	
0.9999997536	0.0003518324829	-0.0006561956159	
-0.0003522152797	0.9999997534	-0.0006562903333	
>>>	Measures by acceler.:
 -1.284197653e-008	1.196436085e-008	0.009733667038	
>>>	Measures by avs.:
 7.292114548e-005	3.946791784e-008	-3.913503512e-005	

Current time: 9
>>>	True motion params [x y z | vx vy vz]{km|km/sec}:
 6388.13556	0	2.499999954	-9.783761468e-005	0	0.2499999828	
>>>	Orientation angles [pitch roll yaw]:
 0	0	0	
>>>	Motion params from bins [x y z | vx vy vz]{km|km/sec}:
 6388.13556	-0.000117167072	2.499837188	-9.785705022e-005	-3.904753454e-005	0.2499438164	
>>>	Orientation matrix [3x3]:
 0.0007288418008	0.0007294680902	0.9999995215	
0.999999692	0.0003908717827	-0.0007290985408	
-0.0003913502737	0.9999996918	-0.0007292114752	
>>>	Measures by acceler.:
 -1.426886275e-008	1.329373403e-008	0.009733667024	
>>>	Measures by avs.:
 7.292114442e-005	4.385324142e-008	-3.913503243e-005	

Current time: 10
>>>	True motion params [x y z | vx vy vz]{km|km/sec}:
 6388.135462	0	2.749999937	-0.0001076213757	0	0.2499999789	
>>>	Orientation angles [pitch roll yaw]:
 0	0	0	
>>>	Motion params from bins [x y z | vx vy vz]{km|km/sec}:
 6388.135462	-0.0001562146065	2.749781004	-0.0001076470673	-4.685517412e-005	0.2499321972	
>>>	Orientation matrix [3x3]:
 0.000801686142	0.0008024462246	0.9999994152	
0.9999996236	0.0004299004397	-0.0008019999202	
-0.0004304852559	0.9999996233	-0.0008021326148	
>>>	Measures by acceler.:
 -1.569574896e-008	1.462310713e-008	0.00973366701	
>>>	Measures by avs.:
 7.292114324e-005	4.82385648e-008	-3.913502945e-005	

Current time: 11
>>>	True motion params [x y z | vx vy vz]{km|km/sec}:
 6388.135354	0	2.999999916	-0.0001174051365	0	0.2499999747	
>>>	Orientation angles [pitch roll yaw]:
 0	0	0	
>>>	Motion params from bins [x y z | vx vy vz]{km|km/sec}:
 6388.135354	-0.0002030697806	2.999713201	-0.0001174382951	-5.537233483e-005	0.2499194869	
>>>	Orientation matrix [3x3]:
 0.000874523237	0.0008754300467	0.9999992982	
0.9999995484	0.0004689184532	-0.0008748997525	
-0.0004696202252	0.999999548	-0.000875053752	
>>>	Measures by acceler.:
 -1.712263514e-008	1.595248014e-008	0.009733666996	
>>>	Measures by avs.:
 7.292114196e-005	5.262388796e-008	-3.913502619e-005	

Current time: 12
>>>	True motion params [x y z | vx vy vz]{km|km/sec}:
 6388.135237	0	3.24999989	-0.0001271888971	0	0.2499999701	
>>>	Orientation angles [pitch roll yaw]:
 0	0	0	
>>>	Motion params from bins [x y z | vx vy vz]{km|km/sec}:
 6388.135237	-0.0002584421154	3.249632688	-0.0001272308402	-6.459898943e-005	0.2499056857	
>>>	Orientation matrix [3x3]:
 0.0009473530849	0.0009484195547	0.9999991706	
0.9999994663	0.0005079258221	-0.0009477980362	
-0.0005087551802	0.9999994658	-0.0009479748864	
>>>	Measures by acceler.:
 -1.854952129e-008	1.728185306e-008	0.009733666982	
>>>	Measures by avs.:
 7.292114056e-005	5.700921088e-008	-3.913502265e-005	

Current time: 13
>>>	True motion params [x y z | vx vy vz]{km|km/sec}:
 6388.13511	0	3.499999861	-0.0001369726576	0	0.2499999652	
>>>	Orientation angles [pitch roll yaw]:
 0	0	0	
>>>	Motion params from bins [x y z | vx vy vz]{km|km/sec}:
 6388.13511	-0.0003230411049	3.499538374	-0.0001370248094	-7.453510958e-005	0.2498907935	
>>>	Orientation matrix [3x3]:
 0.001020175685	0.001021414746	0.9999990324	
0.9999993774	0.0005469225457	-0.00102069477	
-0.00054789012	0.9999993767	-0.001020896018	
>>>	Measures by acceler.:
 -1.997640742e-008	1.861122588e-008	0.009733666969	
>>>	Measures by avs.:
 7.292113906e-005	6.139453355e-008	-3.913501883e-005	

Current time: 14
>>>	True motion params [x y z | vx vy vz]{km|km/sec}:
 6388.134973	0	3.749999826	-0.0001467564179	0	0.2499999598	
>>>	Orientation angles [pitch roll yaw]:
 0	0	0	
>>>	Motion params from bins [x y z | vx vy vz]{km|km/sec}:
 6388.134972	-0.0003975762145	3.749429168	-0.0001468203095	-8.518066581e-005	0.2498748104	
>>>	Orientation matrix [3x3]:
 0.001092991037	0.00109441562	0.9999988836	
0.9999992817	0.0005859086231	-0.001093589952	
-0.0005870250431	0.9999992809	-0.001093817146	
>>>	Measures by acceler.:
 -2.140329353e-008	1.994059858e-008	0.009733666955	
>>>	Measures by avs.:
 7.292113744e-005	6.577985593e-008	-3.913501472e-005	

Current time: 15
>>>	True motion params [x y z | vx vy vz]{km|km/sec}:
 6388.134826	0	3.999999786	-0.000156540178	0	0.2499999541	
>>>	Orientation angles [pitch roll yaw]:
 0	0	0	
>>>	Motion params from bins [x y z | vx vy vz]{km|km/sec}:
 6388.134826	-0.0004827568803	3.999303978	-0.0001566174472	-9.653562755e-005	0.2498577363	
>>>	Orientation matrix [3x3]:
 0.001165799139	0.001167422174	0.9999987241	
0.9999991791	0.0006248840534	-0.00116648358	
-0.0006261599486	0.9999991781	-0.00116673827	
>>>	Measures by acceler.:
 -2.28301796e-008	2.126997116e-008	0.009733666942	
>>>	Measures by avs.:
 7.29211357e-005	7.016517802e-008	-3.913501033e-005	

Current time: 16
>>>	True motion params [x y z | vx vy vz]{km|km/sec}:
 6388.134669	0	4.24999974	-0.0001663239378	0	0.2499999479	
>>>	Orientation angles [pitch roll yaw]:
 0	0	0	
>>>	Motion params from bins [x y z | vx vy vz]{km|km/sec}:
 6388.134669	-0.0005792925078	4.249161714	-0.0001664163293	-0.0001085999631	0.2498395713	
>>>	Orientation matrix [3x3]:
 0.001238599992	0.001240434405	0.999998554	
0.9999990697	0.0006638488359	-0.001239375654	
-0.0006652948351	0.9999990685	-0.001239659391	
>>>	Measures by acceler.:
 -2.425706564e-008	2.259934361e-008	0.009733666929	
>>>	Measures by avs.:
 7.292113386e-005	7.455049979e-008	-3.913500566e-005	

Current time: 17
>>>	True motion params [x y z | vx vy vz]{km|km/sec}:
 6388.134503	0	4.499999688	-0.0001761076974	0	0.2499999414	
>>>	Orientation angles [pitch roll yaw]:
 0	0	0	
>>>	Motion params from bins [x y z | vx vy vz]{km|km/sec}:
 6388.134503	-0.0006878924709	4.499001286	-0.0001762170626	-0.0001213736397	0.2498203154	
>>>	Orientation matrix [3x3]:
 0.001311393594	0.001313452313	0.9999983733	
0.9999989535	0.0007028029696	-0.001312266171	
-0.0007044297015	0.9999989521	-0.001312580507	
>>>	Measures by acceler.:
 -2.568395164e-008	2.392871593e-008	0.009733666915	
>>>	Measures by avs.:
 7.292113191e-005	7.893582123e-008	-3.91350007e-005	

Current time: 18
>>>	True motion params [x y z | vx vy vz]{km|km/sec}:
 6388.134327	0	4.749999629	-0.0001858914568	0	0.2499999345	
>>>	Orientation angles [pitch roll yaw]:
 0	0	0	
>>>	Motion params from bins [x y z | vx vy vz]{km|km/sec}:
 6388.134326	-0.0008092661107	4.748821601	-0.0001860197541	-0.0001348566234	0.2497999687	
>>>	Orientation matrix [3x3]:
 0.001384179945	0.001386475895	0.9999981819	
0.9999988305	0.0007417464537	-0.001385155131	
-0.0007435645465	0.9999988288	-0.001385501619	
>>>	Measures by acceler.:
 -2.711083761e-008	2.52580881e-008	0.009733666902	
>>>	Measures by avs.:
 7.292112984e-005	8.332114231e-008	-3.913499546e-005	

Current time: 19
>>>	True motion params [x y z | vx vy vz]{km|km/sec}:
 6388.134141	0	4.999999564	-0.0001956752159	0	0.2499999273	
>>>	Orientation angles [pitch roll yaw]:
 0	0	0	
>>>	Motion params from bins [x y z | vx vy vz]{km|km/sec}:
 6388.13414	-0.0009441227341	4.99862157	-0.0001958245106	-0.0001490488793	0.2497785312	
>>>	Orientation matrix [3x3]:
 0.001456959044	0.001459505149	0.9999979799	
0.9999987007	0.0007806792874	-0.001458042531	
-0.0007826993691	0.9999986987	-0.001458422727	
>>>	Measures by acceler.:
 -2.853772354e-008	2.658746012e-008	0.009733666889	
>>>	Measures by avs.:
 7.292112766e-005	8.770646301e-008	-3.913498993e-005	

Current time: 20
>>>	True motion params [x y z | vx vy vz]{km|km/sec}:
 6388.133945	0	5.249999491	-0.0002054589747	0	0.2499999196	
>>>	Orientation angles [pitch roll yaw]:
 0	0	0	
>>>	Motion params from bins [x y z | vx vy vz]{km|km/sec}:
 6388.133945	-0.001093171613	5.248400101	-0.000205631439	-0.0001639503711	0.2497560028	
>>>	Orientation matrix [3x3]:
 0.001529730889	0.001532540073	0.9999977673	
0.999998564	0.0008196014697	-0.00153092837	
-0.000821834168	0.9999985617	-0.001531343829	
>>>	Measures by acceler.:
 -2.996460942e-008	2.791683198e-008	0.009733666877	
>>>	Measures by avs.:
 7.292112537e-005	9.209178332e-008	-3.913498412e-005	

Current time: 21
>>>	True motion params [x y z | vx vy vz]{km|km/sec}:
 6388.13374	0	5.49999941	-0.0002152427332	0	0.2499999116	
>>>	Orientation angles [pitch roll yaw]:
 0	0	0	
>>>	Motion params from bins [x y z | vx vy vz]{km|km/sec}:
 6388.133739	-0.001257121984	5.498156104	-0.0002154406463	-0.0001795610617	0.2497323837	
>>>	Orientation matrix [3x3]:
 0.001602495482	0.001605580665	0.9999975441	
0.9999984205	0.000858513	-0.001603812646	
-0.000860968942	0.9999984179	-0.001604264927	
>>>	Measures by acceler.:
 -3.139149527e-008	2.924620367e-008	0.009733666864	
>>>	Measures by avs.:
 7.292112297e-005	9.64771032e-008	-3.913497803e-005	

Current time: 22
>>>	True motion params [x y z | vx vy vz]{km|km/sec}:
 6388.133525	0	5.749999322	-0.0002250264914	0	0.2499999031	
>>>	Orientation angles [pitch roll yaw]:
 0	0	0	
>>>	Motion params from bins [x y z | vx vy vz]{km|km/sec}:
 6388.133524	-0.001436683046	5.747888487	-0.0002252522394	-0.0001958809127	0.2497076739	
>>>	Orientation matrix [3x3]:
 0.00167525282	0.001678626924	0.9999973102	
0.9999982702	0.0008974138772	-0.001676695359	
-0.00090010369	0.9999982672	-0.001677186019	
>>>	Measures by acceler.:
 -3.281838106e-008	3.057557518e-008	0.009733666851	
>>>	Measures by avs.:
 7.292112046e-005	1.008624227e-007	-3.913497166e-005	

Current time: 23
>>>	True motion params [x y z | vx vy vz]{km|km/sec}:
 6388.1333	0	5.999999225	-0.0002348102492	0	0.2499998943	
>>>	Orientation angles [pitch roll yaw]:
 0	0	0	
>>>	Motion params from bins [x y z | vx vy vz]{km|km/sec}:
 6388.133298	-0.001632563959	5.997596161	-0.0002350663255	-0.0002129098846	0.2496818734	
>>>	Orientation matrix [3x3]:
 0.001748002904	0.001751678847	0.9999970657	
0.9999981131	0.0009363041006	-0.001749576506	
-0.0009392384106	0.9999981097	-0.001750107105	
>>>	Measures by acceler.:
 -3.424526681e-008	3.190494651e-008	0.009733666839	
>>>	Measures by avs.:
 7.292111784e-005	1.052477417e-007	-3.9134965e-005	

Current time: 24
>>>	True motion params [x y z | vx vy vz]{km|km/sec}:
 6388.133065	0	6.249999119	-0.0002445940067	0	0.2499998851	
>>>	Orientation angles [pitch roll yaw]:
 0	0	0	
>>>	Motion params from bins [x y z | vx vy vz]{km|km/sec}:
 6388.133063	-0.001845473843	6.247278035	-0.0002448830117	-0.000230647937	0.2496549823	
>>>	Orientation matrix [3x3]:
 0.001820745731	0.001824736433	0.9999968106	
0.9999979492	0.0009751836693	-0.001822456085	
-0.0009783731028	0.9999979453	-0.001823028185	
>>>	Measures by acceler.:
 -3.567215251e-008	3.323431764e-008	0.009733666826	
>>>	Measures by avs.:
 7.29211151e-005	1.096330602e-007	-3.913495806e-005	

Current time: 25
>>>	True motion params [x y z | vx vy vz]{km|km/sec}:
 6388.13282	0	6.499999004	-0.0002543777639	0	0.2499998756	
>>>	Orientation angles [pitch roll yaw]:
 0	0	0	
>>>	Motion params from bins [x y z | vx vy vz]{km|km/sec}:
 6388.132818	-0.00207612178	6.496933017	-0.0002547024049	-0.000249095028	0.2496270005	
>>>	Orientation matrix [3x3]:
 0.001893481303	0.001897799679	0.9999965448	
0.9999977785	0.001014052583	-0.001895334096	
-0.001017507765	0.9999977741	-0.001895949259	
>>>	Measures by acceler.:
 -3.709903815e-008	3.456368858e-008	0.009733666814	
>>>	Measures by avs.:
 7.292111225e-005	1.140183782e-007	-3.913495084e-005	

Current time: 26
>>>	True motion params [x y z | vx vy vz]{km|km/sec}:
 6388.132566	0	6.74999888	-0.0002641615207	0	0.2499998656	
>>>	Orientation angles [pitch roll yaw]:
 0	0	0	
>>>	Motion params from bins [x y z | vx vy vz]{km|km/sec}:
 6388.132564	-0.002325216808	6.746560017	-0.0002645246126	-0.000268251115	0.2495979282	
>>>	Orientation matrix [3x3]:
 0.001966209617	0.001970868583	0.9999962684	
0.999997601	0.001052910839	-0.001968210536	
-0.001056642397	0.999997596	-0.001968870327	
>>>	Measures by acceler.:
 -3.852592375e-008	3.58930593e-008	0.009733666802	
>>>	Measures by avs.:
 7.292110929e-005	1.184036957e-007	-3.913494333e-005	

Current time: 27
>>>	True motion params [x y z | vx vy vz]{km|km/sec}:
 6388.132302	0	6.999998746	-0.0002739452771	0	0.2499998553	
>>>	Orientation angles [pitch roll yaw]:
 0	0	0	
>>>	Motion params from bins [x y z | vx vy vz]{km|km/sec}:
 6388.132299	-0.002593467923	6.996157946	-0.0002743497418	-0.000288116154	0.2495677653	
>>>	Orientation matrix [3x3]:
 0.002038930674	0.002043943144	0.9999959814	
0.9999974166	0.001091758439	-0.002041085405	
-0.001095776997	0.9999974111	-0.002041791387	
>>>	Measures by acceler.:
 -3.995280928e-008	3.72224298e-008	0.009733666789	
>>>	Measures by avs.:
 7.292110622e-005	1.227890127e-007	-3.913493554e-005	

Current time: 28
>>>	True motion params [x y z | vx vy vz]{km|km/sec}:
 6388.132028	0	7.249998601	-0.000283729033	0	0.2499998445	
>>>	Orientation angles [pitch roll yaw]:
 0	0	0	
>>>	Motion params from bins [x y z | vx vy vz]{km|km/sec}:
 6388.132025	-0.002881584077	7.245725711	-0.0002841778998	-0.0003086901	0.2495365119	
>>>	Orientation matrix [3x3]:
 0.002111644472	0.00211702336	0.9999956838	
0.9999972255	0.00113059538	-0.0021139587	
-0.001134911563	0.9999972193	-0.002114712441	
>>>	Measures by acceler.:
 -4.137969476e-008	3.855180008e-008	0.009733666777	
>>>	Measures by avs.:
 7.292110304e-005	1.271743291e-007	-3.913492746e-005	

Current time: 29
>>>	True motion params [x y z | vx vy vz]{km|km/sec}:
 6388.131744	0	7.499998445	-0.0002935127886	0	0.2499998334	
>>>	Orientation angles [pitch roll yaw]:
 0	0	0	
>>>	Motion params from bins [x y z | vx vy vz]{km|km/sec}:
 6388.131741	-0.003190274177	7.495262223	-0.0002940091941	-0.0003299729069	0.2495041682	
>>>	Orientation matrix [3x3]:
 0.002184351011	0.002190109228	0.9999953756	
0.9999970275	0.001169421663	-0.00218683042	
-0.001174046095	0.9999970207	-0.002187633487	
>>>	Measures by acceler.:
 -4.280658017e-008	3.988117013e-008	0.009733666766	
>>>	Measures by avs.:
 7.292109974e-005	1.315596449e-007	-3.913491911e-005	

Current time: 30
>>>	True motion params [x y z | vx vy vz]{km|km/sec}:
 6388.131451	0	7.749998279	-0.0003032965437	0	0.249999822	
>>>	Orientation angles [pitch roll yaw]:
 0	0	0	
>>>	Motion params from bins [x y z | vx vy vz]{km|km/sec}:
 6388.131447	-0.003520247084	7.744766391	-0.0003038437319	-0.0003519645276	0.249470734	
>>>	Orientation matrix [3x3]:
 0.00225705029	0.002263200748	0.9999950567	
0.9999968228	0.001208237286	-0.002259700564	
-0.001213180592	0.9999968152	-0.002260554526	
>>>	Measures by acceler.:
 -4.423346552e-008	4.121053993e-008	0.009733666754	
>>>	Measures by avs.:
 7.292109634e-005	1.359449602e-007	-3.913491047e-005	

Current time: 31
>>>	True motion params [x y z | vx vy vz]{km|km/sec}:
 6388.131147	0	7.999998101	-0.0003130802984	0	0.2499998101	
>>>	Orientation angles [pitch roll yaw]:
 0	0	0	
>>>	Motion params from bins [x y z | vx vy vz]{km|km/sec}:
 6388.131143	-0.003872211612	7.994237125	-0.0003136816208	-0.0003746649135	0.2494362095	
>>>	Orientation matrix [3x3]:
 0.002329742309	0.002336297915	0.9999947272	
0.9999966112	0.001247042248	-0.00233256913	
-0.001252315052	0.9999966029	-0.002333475557	
>>>	Measures by acceler.:
 -4.566035081e-008	4.253990948e-008	0.009733666742	
>>>	Measures by avs.:
 7.292109282e-005	1.403302748e-007	-3.913490154e-005	

Current time: 32
>>>	True motion params [x y z | vx vy vz]{km|km/sec}:
 6388.130834	0	8.249997911	-0.0003228640526	0	0.2499997978	
>>>	Orientation angles [pitch roll yaw]:
 0	0	0	
>>>	Motion params from bins [x y z | vx vy vz]{km|km/sec}:
 6388.130829	-0.004246876525	8.243673335	-0.0003235229683	-0.0003980740154	0.2494005947	
>>>	Orientation matrix [3x3]:
 0.002402427066	0.00240940073	0.9999943871	
0.9999963929	0.001285836549	-0.002405436116	
-0.001291449473	0.9999963837	-0.002406396579	
>>>	Measures by acceler.:
 -4.708723602e-008	4.386927878e-008	0.00973366673	
>>>	Measures by avs.:
 7.292108919e-005	1.447155888e-007	-3.913489233e-005	

Current time: 33
>>>	True motion params [x y z | vx vy vz]{km|km/sec}:
 6388.130511	0	8.499997709	-0.0003326478064	0	0.2499997852	
>>>	Orientation angles [pitch roll yaw]:
 0	0	0	
>>>	Motion params from bins [x y z | vx vy vz]{km|km/sec}:
 6388.130505	-0.004644950541	8.493073929	-0.0003333678819	-0.0004221917826	0.2493638897	
>>>	Orientation matrix [3x3]:
 0.002475104562	0.00248250919	0.9999940363	
0.9999961677	0.001324620187	-0.002478301521	
-0.001330583856	0.9999961577	-0.002479317594	
>>>	Measures by acceler.:
 -4.851412117e-008	4.51986478e-008	0.009733666719	
>>>	Measures by avs.:
 7.292108545e-005	1.491009022e-007	-3.913488284e-005	

Current time: 34
>>>	True motion params [x y z | vx vy vz]{km|km/sec}:
 6388.130179	0	8.749997494	-0.0003424315596	0	0.2499997722	
>>>	Orientation angles [pitch roll yaw]:
 0	0	0	
>>>	Motion params from bins [x y z | vx vy vz]{km|km/sec}:
 6388.130172	-0.005067142324	8.742437819	-0.0003432164692	-0.0004470181636	0.2493260945	
>>>	Orientation matrix [3x3]:
 0.002547774794	0.002555623292	0.999993675	
0.9999959358	0.001363393162	-0.002551165343	
-0.001369718198	0.9999959248	-0.002552238599	
>>>	Measures by acceler.:
 -4.994100625e-008	4.652801655e-008	0.009733666707	
>>>	Measures by avs.:
 7.292108159e-005	1.534862148e-007	-3.913487307e-005	

Current time: 35
>>>	True motion params [x y z | vx vy vz]{km|km/sec}:
 6388.129836	0	8.999997266	-0.0003522153123	0	0.2499997588	
>>>	Orientation angles [pitch roll yaw]:
 0	0	0	
>>>	Motion params from bins [x y z | vx vy vz]{km|km/sec}:
 6388.129829	-0.005514160487	8.991763913	-0.0003530688381	-0.0004725531054	0.2492872092	
>>>	Orientation matrix [3x3]:
 0.002620437763	0.002628743035	0.999993303	
0.999995697	0.001402155473	-0.002624027581	
-0.001408852499	0.9999956851	-0.002625159596	
>>>	Measures by acceler.:
 -5.136789125e-008	4.785738502e-008	0.009733666696	
>>>	Measures by avs.:
 7.292107763e-005	1.578715268e-007	-3.913486301e-005	

Current time: 36
>>>	True motion params [x y z | vx vy vz]{km|km/sec}:
 6388.129484	0	9.249997025	-0.0003619990646	0	0.249999745	
>>>	Orientation angles [pitch roll yaw]:
 0	0	0	
>>>	Motion params from bins [x y z | vx vy vz]{km|km/sec}:
 6388.129476	-0.005986713592	9.241051123	-0.0003629250963	-0.0004987965542	0.2492472338	
>>>	Orientation matrix [3x3]:
 0.002693093468	0.002701868418	0.9999929204	
0.9999954515	0.00144090712	-0.002696888233	
-0.001447986756	0.9999954385	-0.002698080584	
>>>	Measures by acceler.:
 -5.279477617e-008	4.91867532e-008	0.009733666685	
>>>	Measures by avs.:
 7.292107355e-005	1.622568381e-007	-3.913485267e-005	

Current time: 37
>>>	True motion params [x y z | vx vy vz]{km|km/sec}:
 6388.129122	0	9.49999677	-0.0003717828162	0	0.2499997308	
>>>	Orientation angles [pitch roll yaw]:
 0	0	0	
>>>	Motion params from bins [x y z | vx vy vz]{km|km/sec}:
 6388.129113	-0.006485510147	9.490298356	-0.0003727853517	-0.0005257484551	0.2492061684	
>>>	Orientation matrix [3x3]:
 0.002765741908	0.002774999437	0.9999925271	
0.9999951992	0.001479648101	-0.002769747298	
-0.00148712097	0.9999951851	-0.002771001562	
>>>	Measures by acceler.:
 -5.422166102e-008	5.051612108e-008	0.009733666674	
>>>	Measures by avs.:
 7.292106937e-005	1.666421486e-007	-3.913484205e-005	

Current time: 38
>>>	True motion params [x y z | vx vy vz]{km|km/sec}:
 6388.12875	0	9.749996501	-0.0003815665673	0	0.2499997163	
>>>	Orientation angles [pitch roll yaw]:
 0	0	0	
>>>	Motion params from bins [x y z | vx vy vz]{km|km/sec}:
 6388.12874	-0.007011258602	9.739504525	-0.0003826497121	-0.000553408752	0.2491640131	
>>>	Orientation matrix [3x3]:
 0.002838383083	0.002848136092	0.9999921233	
0.99999494	0.001518378415	-0.002842604774	
-0.001526255139	0.9999949249	-0.00284392253	
>>>	Measures by acceler.:
 -5.564854578e-008	5.184548865e-008	0.009733666663	
>>>	Measures by avs.:
 7.292106507e-005	1.710274584e-007	-3.913483114e-005	

Current time: 39
>>>	True motion params [x y z | vx vy vz]{km|km/sec}:
 6388.128369	0	9.999996217	-0.0003913503179	0	0.2499997013	
>>>	Orientation angles [pitch roll yaw]:
 0	0	0	
>>>	Motion params from bins [x y z | vx vy vz]{km|km/sec}:
 6388.128357	-0.007564667354	9.988668538	-0.0003925182856	-0.0005817773875	0.2491207678	
>>>	Orientation matrix [3x3]:
 0.002911016991	0.00292127838	0.9999917088	
0.9999946741	0.001557098062	-0.002915460659	
-0.001565389262	0.9999946578	-0.002916843488	
>>>	Measures by acceler.:
 -5.707543047e-008	5.317485591e-008	0.009733666652	
>>>	Measures by avs.:
 7.292106065e-005	1.754127674e-007	-3.913481995e-005	

Current time: 40
>>>	True motion params [x y z | vx vy vz]{km|km/sec}:
 6388.127977	0	10.24999592	-0.0004011340678	0	0.249999686	
>>>	Orientation angles [pitch roll yaw]:
 0	0	0	
>>>	Motion params from bins [x y z | vx vy vz]{km|km/sec}:
 6388.127965	-0.008146444741	10.23778931	-0.0004023911802	-0.0006108543035	0.2490764328	
>>>	Orientation matrix [3x3]:
 0.002983643633	0.002994426299	0.9999912837	
0.9999944015	0.00159580704	-0.002988314953	
-0.001604523337	0.9999943838	-0.002989764436	
>>>	Measures by acceler.:
 -5.850231506e-008	5.450422284e-008	0.009733666641	
>>>	Measures by avs.:
 7.292105613e-005	1.797980756e-007	-3.913480848e-005	

Current time: 41
>>>	True motion params [x y z | vx vy vz]{km|km/sec}:
 6388.127576	0	10.4999956	-0.0004109178172	0	0.2499996703	
>>>	Orientation angles [pitch roll yaw]:
 0	0	0	
>>>	Motion params from bins [x y z | vx vy vz]{km|km/sec}:
 6388.127563	-0.008757299045	10.48686574	-0.0004122685042	-0.0006406394404	0.249031008	
>>>	Orientation matrix [3x3]:
 0.003056263007	0.003067579847	0.999990848	
0.999994122	0.00163450535	-0.003061167653	
-0.001643657363	0.999994103	-0.003062685374	
>>>	Measures by acceler.:
 -5.992919957e-008	5.583358944e-008	0.009733666631	
>>>	Measures by avs.:
 7.29210515e-005	1.84183383e-007	-3.913479672e-005	

Current time: 42
>>>	True motion params [x y z | vx vy vz]{km|km/sec}:
 6388.127165	0	10.74999527	-0.0004207015659	0	0.2499996543	
>>>	Orientation angles [pitch roll yaw]:
 0	0	0	
>>>	Motion params from bins [x y z | vx vy vz]{km|km/sec}:
 6388.12715	-0.009397938485	10.73589675	-0.0004221503658	-0.0006711327378	0.2489844936	
>>>	Orientation matrix [3x3]:
 0.003128875112	0.003140739023	0.9999904016	
0.9999938357	0.001673192989	-0.003134018758	
-0.001682791339	0.9999938153	-0.0031356063	
>>>	Measures by acceler.:
 -6.135608399e-008	5.71629557e-008	0.00973366662	
>>>	Measures by avs.:
 7.292104675e-005	1.885686896e-007	-3.913478468e-005	

Current time: 43
>>>	True motion params [x y z | vx vy vz]{km|km/sec}:
 6388.126745	0	10.99999493	-0.0004304853141	0	0.2499996378	
>>>	Orientation angles [pitch roll yaw]:
 0	0	0	
>>>	Motion params from bins [x y z | vx vy vz]{km|km/sec}:
 6388.126728	-0.01006907122	10.98488124	-0.0004320368734	-0.0007023341339	0.2489368895	
>>>	Orientation matrix [3x3]:
 0.003201479948	0.003213903824	0.9999899447	
0.9999935427	0.001711869958	-0.003206868266	
-0.001721925264	0.9999935208	-0.003208527216	
>>>	Measures by acceler.:
 -6.278296832e-008	5.849232161e-008	0.00973366661	
>>>	Measures by avs.:
 7.292104189e-005	1.929539953e-007	-3.913477236e-005	

Current time: 44
>>>	True motion params [x y z | vx vy vz]{km|km/sec}:
 6388.126314	0	11.24999457	-0.0004402690615	0	0.2499996209	
>>>	Orientation angles [pitch roll yaw]:
 0	0	0	
>>>	Motion params from bins [x y z | vx vy vz]{km|km/sec}:
 6388.126296	-0.01077140536	11.23381813	-0.0004419281352	-0.0007342435661	0.2488881959	
>>>	Orientation matrix [3x3]:
 0.003274077515	0.003287074248	0.9999894771	
0.9999932429	0.001750536256	-0.003279716176	
-0.001761059138	0.9999932195	-0.00328144812	
>>>	Measures by acceler.:
 -6.420985255e-008	5.982168716e-008	0.009733666599	
>>>	Measures by avs.:
 7.292103692e-005	1.973393001e-007	-3.913475975e-005	

Current time: 45
>>>	True motion params [x y z | vx vy vz]{km|km/sec}:
 6388.125874	0	11.49999419	-0.0004500528084	0	0.2499996037	
>>>	Orientation angles [pitch roll yaw]:
 0	0	0	
>>>	Motion params from bins [x y z | vx vy vz]{km|km/sec}:
 6388.125854	-0.01150564892	11.48270633	-0.0004518242599	-0.0007668609705	0.2488384128	
>>>	Orientation matrix [3x3]:
 0.003346667811	0.003360250294	0.9999889989	
0.9999929363	0.00178919188	-0.003352562486	
-0.001800192957	0.9999929113	-0.003354369013	
>>>	Measures by acceler.:
 -6.563673669e-008	6.115105235e-008	0.009733666589	
>>>	Measures by avs.:
 7.292103184e-005	2.017246041e-007	-3.913474686e-005	

Current time: 46
>>>	True motion params [x y z | vx vy vz]{km|km/sec}:
 6388.125424	0	11.74999379	-0.0004598365545	0	0.2499995861	
>>>	Orientation angles [pitch roll yaw]:
 0	0	0	
>>>	Motion params from bins [x y z | vx vy vz]{km|km/sec}:
 6388.125402	-0.01227250989	11.73154474	-0.0004617253561	-0.000800186282	0.2487875404	
>>>	Orientation matrix [3x3]:
 0.003419250835	0.003433431959	0.9999885101	
0.9999926229	0.001827836832	-0.003425407195	
-0.001839326722	0.9999925962	-0.003427289894	
>>>	Measures by acceler.:
 -6.706362073e-008	6.248041717e-008	0.009733666579	
>>>	Measures by avs.:
 7.292102665e-005	2.061099071e-007	-3.913473369e-005	

Current time: 47
>>>	True motion params [x y z | vx vy vz]{km|km/sec}:
 6388.124964	0	11.99999338	-0.0004696202999	0	0.2499995681	
>>>	Orientation angles [pitch roll yaw]:
 0	0	0	
>>>	Motion params from bins [x y z | vx vy vz]{km|km/sec}:
 6388.124941	-0.01307269618	11.98033228	-0.0004716315325	-0.0008342194347	0.2487355786	
>>>	Orientation matrix [3x3]:
 0.003491826588	0.003506619242	0.9999880106	
0.9999923028	0.00186647111	-0.003498250302	
-0.001878460431	0.9999922743	-0.003500210762	
>>>	Measures by acceler.:
 -6.849050467e-008	6.380978161e-008	0.009733666569	
>>>	Measures by avs.:
 7.292102134e-005	2.104952092e-007	-3.913472023e-005	

Current time: 48
>>>	True motion params [x y z | vx vy vz]{km|km/sec}:
 6388.124494	0	12.24999295	-0.0004794040447	0	0.2499995497	
>>>	Orientation angles [pitch roll yaw]:
 0	0	0	
>>>	Motion params from bins [x y z | vx vy vz]{km|km/sec}:
 6388.124469	-0.01390691561	12.22906786	-0.0004815428978	-0.0008689603613	0.2486825276	
>>>	Orientation matrix [3x3]:
 0.003564395068	0.00357981214	0.9999875006	
0.9999919758	0.001905094712	-0.003571091804	
-0.001917594083	0.9999919456	-0.003573131618	
>>>	Measures by acceler.:
 -6.991738851e-008	6.513914566e-008	0.009733666559	
>>>	Measures by avs.:
 7.292101593e-005	2.148805103e-007	-3.913470649e-005	

Current time: 49
>>>	True motion params [x y z | vx vy vz]{km|km/sec}:
 6388.124015	0	12.4999925	-0.0004891877887	0	0.249999531	
>>>	Orientation angles [pitch roll yaw]:
 0	0	0	
>>>	Motion params from bins [x y z | vx vy vz]{km|km/sec}:
 6388.123987	-0.01477587597	12.47775038	-0.0004914595609	-0.0009044089935	0.2486283874	
>>>	Orientation matrix [3x3]:
 0.003636956275	0.003653010652	0.9999869799	
0.9999916422	0.001943707639	-0.003643931699	
-0.001956727677	0.9999916099	-0.003646052462	
>>>	Measures by acceler.:
 -7.134427224e-008	6.646850931e-008	0.009733666549	
>>>	Measures by avs.:
 7.29210104e-005	2.192658105e-007	-3.913469246e-005	

Current time: 50
>>>	True motion params [x y z | vx vy vz]{km|km/sec}:
 6388.123526	0	12.74999203	-0.000498971532	0	0.2499995118	
>>>	Orientation angles [pitch roll yaw]:
 0	0	0	
>>>	Motion params from bins [x y z | vx vy vz]{km|km/sec}:
 6388.123496	-0.01568028497	12.72637877	-0.0005013816309	-0.000940565262	0.2485731581	
>>>	Orientation matrix [3x3]:
 0.003709510208	0.003726214776	0.9999864486	
0.9999913017	0.001982309889	-0.003716769988	
-0.001995861211	0.9999912675	-0.003718973292	
>>>	Measures by acceler.:
 -7.277115586e-008	6.779787256e-008	0.009733666539	
>>>	Measures by avs.:
 7.292100476e-005	2.236511097e-007	-3.913467816e-005	

Current time: 51
>>>	True motion params [x y z | vx vy vz]{km|km/sec}:
 6388.123027	0	12.99999154	-0.0005087552746	0	0.2499994923	
>>>	Orientation angles [pitch roll yaw]:
 0	0	0	
>>>	Motion params from bins [x y z | vx vy vz]{km|km/sec}:
 6388.122995	-0.01662085023	12.97495193	-0.0005113092168	-0.0009774290961	0.2485168399	
>>>	Orientation matrix [3x3]:
 0.003782056867	0.00379942451	0.9999859067	
0.9999909545	0.002020901462	-0.003789606667	
-0.002034994685	0.9999909182	-0.00379189411	
>>>	Measures by acceler.:
 -7.419803938e-008	6.912723539e-008	0.00973366653	
>>>	Measures by avs.:
 7.292099901e-005	2.280364079e-007	-3.913466357e-005	

Current time: 52
>>>	True motion params [x y z | vx vy vz]{km|km/sec}:
 6388.122518	0	13.24999103	-0.0005185390163	0	0.2499994724	
>>>	Orientation angles [pitch roll yaw]:
 0	0	0	
>>>	Motion params from bins [x y z | vx vy vz]{km|km/sec}:
 6388.122483	-0.01759827932	13.22346877	-0.0005212424279	-0.001015000424	0.2484594327	
>>>	Orientation matrix [3x3]:
 0.003854596249	0.003872639851	0.9999853542	
0.9999906005	0.002059482356	-0.003862441736	
-0.002074128097	0.9999905621	-0.003864814914	
>>>	Measures by acceler.:
 -7.562492278e-008	7.04565978e-008	0.00973366652	
>>>	Measures by avs.:
 7.292099314e-005	2.32421705e-007	-3.913464869e-005	

Current time: 53
>>>	True motion params [x y z | vx vy vz]{km|km/sec}:
 6388.121999	0	13.4999905	-0.0005283227573	0	0.2499994521	
>>>	Orientation angles [pitch roll yaw]:
 0	0	0	
>>>	Motion params from bins [x y z | vx vy vz]{km|km/sec}:
 6388.121962	-0.01861327975	13.4719282	-0.0005311813735	-0.001053279174	0.2484009367	
>>>	Orientation matrix [3x3]:
 0.003927128356	0.003945860798	0.9999847911	
0.9999902397	0.002098052572	-0.003935275193	
-0.002113261446	0.9999901991	-0.003937735704	
>>>	Measures by acceler.:
 -7.705180607e-008	7.178595978e-008	0.009733666511	
>>>	Measures by avs.:
 7.292098717e-005	2.368070011e-007	-3.913463354e-005	

Current time: 54
>>>	True motion params [x y z | vx vy vz]{km|km/sec}:
 6388.121471	0	13.74998995	-0.0005381064975	0	0.2499994314	
>>>	Orientation angles [pitch roll yaw]:
 0	0	0	
>>>	Motion params from bins [x y z | vx vy vz]{km|km/sec}:
 6388.121431	-0.01966655892	13.72032914	-0.0005411261629	-0.001092265271	0.248341352	
>>>	Orientation matrix [3x3]:
 0.003999653186	0.00401908735	0.9999842173	
0.9999898722	0.002136612107	-0.004008107036	
-0.002152394731	0.9999898292	-0.00401065648	
>>>	Measures by acceler.:
 -7.847868925e-008	7.311532133e-008	0.009733666501	
>>>	Measures by avs.:
 7.292098108e-005	2.411922962e-007	-3.91346181e-005	

Current time: 55
>>>	True motion params [x y z | vx vy vz]{km|km/sec}:
 6388.120933	0	13.99998939	-0.0005478902369	0	0.2499994104	
>>>	Orientation angles [pitch roll yaw]:
 0	0	0	
>>>	Motion params from bins [x y z | vx vy vz]{km|km/sec}:
 6388.12089	-0.02075882419	13.96867049	-0.0005510769057	-0.001131958641	0.2482806787	
>>>	Orientation matrix [3x3]:
 0.004072170738	0.004092319503	0.9999836329	
0.9999894979	0.002175160961	-0.004080937264	
-0.00219152795	0.9999894525	-0.004083577242	
>>>	Measures by acceler.:
 -7.99055723e-008	7.444468243e-008	0.009733666492	
>>>	Measures by avs.:
 7.292097488e-005	2.455775901e-007	-3.913460238e-005	

Current time: 56
>>>	True motion params [x y z | vx vy vz]{km|km/sec}:
 6388.120385	0	14.2499888	-0.0005576739755	0	0.2499993889	
>>>	Orientation angles [pitch roll yaw]:
 0	0	0	
>>>	Motion params from bins [x y z | vx vy vz]{km|km/sec}:
 6388.120339	-0.02189078283	14.21695117	-0.0005610337115	-0.001172359207	0.2482189168	
>>>	Orientation matrix [3x3]:
 0.004144681012	0.004165557256	0.999983038	
0.9999891168	0.002213699134	-0.004153765875	
-0.002230661103	0.999989069	-0.004156497989	
>>>	Measures by acceler.:
 -8.133245524e-008	7.577404307e-008	0.009733666483	
>>>	Measures by avs.:
 7.292096857e-005	2.499628829e-007	-3.913458637e-005	

Current time: 57
>>>	True motion params [x y z | vx vy vz]{km|km/sec}:
 6388.119827	0	14.49998819	-0.0005674577132	0	0.2499993671	
>>>	Orientation angles [pitch roll yaw]:
 0	0	0	
>>>	Motion params from bins [x y z | vx vy vz]{km|km/sec}:
 6388.119778	-0.02306314204	14.46517009	-0.0005709966901	-0.001213466892	0.2481560664	
>>>	Orientation matrix [3x3]:
 0.004217184008	0.004238800607	0.9999824324	
0.999988729	0.002252226625	-0.004226592868	
-0.002269794188	0.9999886786	-0.004229418721	
>>>	Measures by acceler.:
 -8.275933805e-008	7.710340325e-008	0.009733666474	
>>>	Measures by avs.:
 7.292096215e-005	2.543481746e-007	-3.913457008e-005	

Current time: 58
>>>	True motion params [x y z | vx vy vz]{km|km/sec}:
 6388.11926	0	14.74998755	-0.0005772414501	0	0.2499993449	
>>>	Orientation angles [pitch roll yaw]:
 0	0	0	
>>>	Motion params from bins [x y z | vx vy vz]{km|km/sec}:
 6388.119207	-0.02427660893	14.71332615	-0.0005809659514	-0.001255281619	0.2480921277	
>>>	Orientation matrix [3x3]:
 0.004289679723	0.004312049554	0.9999818162	
0.9999883345	0.002290743432	-0.004299418241	
-0.002308927204	0.9999882813	-0.004302339439	
>>>	Measures by acceler.:
 -8.418622074e-008	7.843276297e-008	0.009733666465	
>>>	Measures by avs.:
 7.292095562e-005	2.587334651e-007	-3.913455351e-005	

Current time: 59
>>>	True motion params [x y z | vx vy vz]{km|km/sec}:
 6388.118683	0	14.9999869	-0.0005870251861	0	0.2499993223	
>>>	Orientation angles [pitch roll yaw]:
 0	0	0	
>>>	Motion params from bins [x y z | vx vy vz]{km|km/sec}:
 6388.118626	-0.02553189055	14.96141828	-0.0005909416054	-0.001297803307	0.2480271007	
>>>	Orientation matrix [3x3]:
 0.004362168159	0.004385304095	0.9999811893	
0.9999879331	0.002329249554	-0.004372241992	
-0.00234806015	0.9999878773	-0.004375260141	
>>>	Measures by acceler.:
 -8.56131033e-008	7.97621222e-008	0.009733666456	
>>>	Measures by avs.:
 7.292094897e-005	2.631187545e-007	-3.913453665e-005	

Current time: 60
>>>	True motion params [x y z | vx vy vz]{km|km/sec}:
 6388.118096	0	15.24998622	-0.0005968089213	0	0.2499992993	
>>>	Orientation angles [pitch roll yaw]:
 0	0	0	
>>>	Motion params from bins [x y z | vx vy vz]{km|km/sec}:
 6388.118035	-0.02682969386	15.20944538	-0.0006009237622	-0.001341031876	0.2479609855	
>>>	Orientation matrix [3x3]:
 0.004434649313	0.004458564229	0.9999805519	
0.999987525	0.002367744992	-0.004445064121	
-0.002387193025	0.9999874663	-0.004448180827	
>>>	Measures by acceler.:
 -8.703998574e-008	8.109148095e-008	0.009733666448	
>>>	Measures by avs.:
 7.292094221e-005	2.675040427e-007	-3.913451951e-005	

Current time: 61
>>>	True motion params [x y z | vx vy vz]{km|km/sec}:
 6388.117499	0	15.49998552	-0.0006065926555	0	0.249999276	
>>>	Orientation angles [pitch roll yaw]:
 0	0	0	
>>>	Motion params from bins [x y z | vx vy vz]{km|km/sec}:
 6388.117434	-0.02817072573	15.45740637	-0.000610912532	-0.001384967245	0.2478937822	
>>>	Orientation matrix [3x3]:
 0.004507123185	0.004531829952	0.9999799038	
0.9999871102	0.002406229744	-0.004517884625	
-0.002426325827	0.9999870485	-0.004521101497	
